29
1 -1 -1 -1 -1 -1 -1 -1 -1 -1 -1 -1 -1 -1 -1 -1 -1 -1 -1  
-2 2 -2 -2 -2 -2 -2 -2 -2 -2 -2 -2 -2 -2 -2 -2 -2 -2 -2  
-3 -3 3 -3 -3 4 5 26 6 -3 12 12 -3 -3 -3 -3 -3 -3 -3  
-3 -3 3 -3 -3 4 5 26 6 -3 12 12 -3 -3 -3 -3 -3 -3 -3  
-2 -2 -2 2 -2 -2 -2 -2 -2 -2 -2 -2 -2 -2 -2 -2 -2 -2 -2  
-2 -2 -2 2 -2 -2 -2 -2 -2 -2 -2 -2 -2 -2 -2 -2 -2 -2 -2  
-7 -7 -7 -7 7 -7 -7 -7 -7 -7 -7 -7 -7 -7 -7 -7 -7 -7 -7  
-8 -8 -8 -8 -8 -8 -8 -8 -8 8 12 12 -8 -8 -8 -8 -8 -8 -8  
-9 9 -9 -9 -9 -9 -9 -9 -9 -9 -9 -9 -9 -9 -9 -9 -9 -9 -9  
-2 -2 2 -2 -2 10 11 -2 6 -2 12 12 -2 -2 -2 -2 -2 -2 -2  
-9 -9 -9 9 -9 -9 -9 -9 -9 -9 -9 -9 -9 -9 -9 -9 -9 -9 -9 
-9 -9 -9 9 -9 -9 -9 -9 -9 -9 -9 -9 -9 -9 -9 -9 -9 -9 -9  
-13 -13 -13 -13 -13 -13 -13 -13 -13 -13 -13 -13 -13 -13 -13 -13 -13 13 -13  
-14 -14 -14 -14 -14 -14 -14 -14 -14 -14 -14 -14 14 14 -14 -14 19 -14 -14  
-16 -16 -16 -16 -16 -16 -16 -16 -16 -16 -16 -16 -16 -16 16 18 -16 -16 15  
-9 9 -9 -9 -9 -9 -9 -9 -9 -9 -9 -9 -9 -9 -9 -9 -9 -9 -9  
-17 -17 -17 -17 -17 -17 -17 -17 -17 -17 -17 -17 17 17 -17 -17 -17 -17 -17
-15 -15 -15 -15 -15 -15 -15 -15 -15 -15 -15 -15 -15 -15 -15 -15 -15 -15 15
-17 -17 -17 -17 -17 -17 -17 -17 -17 -17 -17 -17 17 17 -17 -17 -17 -17 -17   
-20 -20 -20 -20 -20 -20 -20 -20 -20 -20 -20 -20 -20 -20 -20 -20 -20 20 -20  
-21 -21 -21 -21 -21 -21 -21 -21 -21 -21 -21 -21 21 21 -21 -21 -21 -21 -21  
-22 -22 -22 -22 -22 -22 -22 -22 -22 -22 -22 -22 -22 -22 22 25 -22 -22 24  
-23 -23 -23 -23 -23 -23 -23 -23 -23 -23 -23 -23 23 23 -23 -23 -23 -23 -23  
-24 -24 -24 -24 -24 -24 -24 -24 -24 -24 -24 -24 -24 -24 -24 -24 -24 -24 24 
-15 -15 -15 -15 -15 -15 -15 -15 -15 -15 -15 -15 -15 -15 -15 -15 -15 -15 15 
-23 -23 -23 -23 -23 -23 -23 -23 -23 -23 -23 -23 23 23 -23 -23 -23 -23 -23 
-27 -27 -27 -27 -27 -27 -27 -27 -27 -27 -27 -27 -27 -27 -27 -27 -27 27 -27 
-28 -28 -28 -28 28 -28 -28 -28 -28 -28 -28 -28 -28 -28 -28 -28 -28 -28 -28 
-29 -29 -29 -29 -29 -29 -29 -29 -29 -29 -29 -29 -29 -29 -29 -29 -29 -29 29
-2 -2 -2 2 -2 -2 -2 -2 -2 -2 -2 -2 -2 -2 -2 -2 -2 -2 -2
3
  
Primera línea n=6 estados i=0,1,2,...,6
Columna 1 = entrada '0'
Columna 2 = entrada '1'
Línea 2, estado q0
Línea 3, estado q1
Línea 4, estado q2
...
Línea 8, estado q6
Línea 9: número de estados finales 
Línea 10, estados finales
Por simplicidad, estado inicial es línea 2 (q0)

